            0.00    19.8  0.126
            0.05    58.5  0.032
            0.10   111.0  0.019
            0.20   218.9  0.009
            0.50   531.9  0.007
            1.00  1052.0  0.010
            1.70  1780.5  0.013
            2.00  2000.0  0.000


      lookupTable [
        1 4095 0.01 2 0 0.01
      ]


        lookupTable [
          0 4095 0.002
          0.005 2133.33 0.003
          0.01 1465.73 0.007
          0.015 601.46 0.0406
          0.02 383.84 0.01472
          0.03 234.93 0.0241
          0.04 158.03 0.0287
          0.05 120 0.04225
          0.06 104.09 0.03065
          0.07 67.19 0.04897
        ]